0 26558428 238.0462 0 0 0
0 26658682 234.5383 0 0 0
0 26758849 236.1648 0 0 0
0 26858916 237.172 0 0 0
0 26959110 235.7102 0 0 0
0 27059415 233.5968 0 0 0
0 27159577 230.6061 0 0 0
0 27259736 230.9616 0 0 0
0 27359911 229.6959 0 0 0
0 27460159 230.9417 0 0 0
0 27560389 230.2429 0 0 0
0 27660484 226.8074 0 0 0
0 27760578 225.7095 0 0 0
0 27860733 223.2872 0 0 0
0 27960838 223.0011 0 0 0
0 28060986 224.1913 0 0 0
0 28169559 221.7315 0 0 0
0 28269835 221.2524 0 0 0
0 28369901 222.1405 0 0 0
0 28470135 218.7027 0 0 0
0 28570228 219.0895 0 0 0
0 28670363 217.3782 0 0 0
0 28770478 218.8004 0 0 0
0 28870560 217.5385 0 0 0
0 28970733 212.5793 0 0 0
0 29070939 212.513 0 0 0
0 29171097 210.4644 0 0 0
0 29271161 210.6598 0 0 0
0 29371234 210.5682 0 0 0
0 29471412 209.2148 0 0 0
0 29571639 208.5914 0 0 0
0 29671709 204.6173 0 0 0
0 29771764 204.6203 0 0 0
0 29871924 202.7359 0 0 0
0 29972219 201.0849 0 0 0
0 30072428 200.5814 0 0 0
0 30172612 200.4997 0 0 0
0 30272682 200.2472 0 0 0
0 30372776 196.1258 0 0 0
0 30472948 196.3181 0 0 0
0 30572993 195.1324 0 0 0
0 30673160 195.6596 0 0 0
0 30773451 194.8891 0 0 0
0 30873561 191.716 0 0 0
0 30973727 188.0417 0 0 0
0 31073880 183.2069 0 0 0
0 31174012 184.5367 0 0 0
0 31274150 183.0749 0 0 0
0 31374358 182.9613 0 0 0
0 31474613 181.2241 0 0 0
0 31574622 167.3241 0 0 0
0 31674729 153.4149 0 0 0
0 31774928 137.97 0 0 0
0 31874981 123.9632 0 0 0
0 31975130 111.2473 0 0 0
0 32075260 99.9649 0 0 0
0 32175345 89.9353 0 0 0
0 32275431 82.76749 0 0 0
0 32375530 72.98737 0 0 0
0 32475842 64.24561 0 0 0
0 32575937 58.61435 0 0 0
0 32676089 51.70059 0 0 0
0 32776341 44.49768 0 0 0
0 32876480 37.9425 0 0 0
0 32976596 33.638 0 0 0
0 33076742 27.94342 0 0 0
0 33176821 24.66125 0 0 0
0 33277018 20.70465 0 0 0
0 33377354 16.43524 0 0 0
0 33477563 12.99896 0 0 0
0 33577711 12.28485 0 0 0
0 33677882 9.671021 0 0 0
0 33778122 5.615234 0 0 0
0 33878294 3.918457 0 0 0
0 33978462 4.01001 0 0 0
0 34078469 0.5752563 0 0 0
0 34178503 0.2853394 0 0 0
0 34278505 0.743103 0 0 0
0 34378640 -1.49231 0 0 0
0 34478761 -0.9796143 0 0 0
0 34578776 -0.1617432 0 0 0
0 34679003 -1.329041 0 0 0
0 34779292 1.45874 0 0 0
0 34879295 0.07476807 0 0 0
0 34979335 -1.026154 0 0 0
0 35079605 1.489258 0 0 0
0 35179642 -0.6134033 0 0 0
0 35279785 0.0869751 0 0 0
0 35379822 0.4806519 0 0 0
0 35479829 -1.438141 0 0 0
0 35580033 0.8911133 0 0 0
0 35680089 -0.5386353 0 0 0
0 35780181 -0.151825 0 0 0
0 35880542 0.5233765 0 0 0
0 35980596 -1.126099 0 0 0
0 36080664 0.5622864 0 0 0
0 36180718 -0.7858276 0 0 0
0 36280851 1.156616 0 0 0
0 36380974 -0.4867554 0 0 0
0 36481131 0.7019043 0 0 0
0 36581258 -0.03967285 0 0 0
0 36681482 -1.03302 0 0 0
0 36781627 0.9109497 0 0 0
0 36881819 -0.8956909 0 0 0
0 36981855 0.5355835 0 0 0
0 37081914 -0.7713318 0 0 0
0 37182011 0.6607056 0 0 0
0 37282199 -0.5378723 0 0 0
0 37382512 1.486969 0 0 0
0 37482752 2.005005 0 0 0
0 37583017 -0.7171631 0 0 0
0 37683101 0.6103516 0 0 0
0 37783339 -3.203583 0 0 0
0 37883376 -4.301453 0 0 0
1 31459223 -0.1830567 -0.1830567 0.0 0
1 31559166 -0.1813959 -0.1691666 -0.005280337 -0.006949007
1 31659350 -0.171899 -0.1543739 -0.01014237 -0.007382724
1 31759585 -0.160815 -0.1382111 -0.01454146 -0.008062489
1 31859758 -0.1516642 -0.1280502 -0.01854229 -0.005071647
1 31959846 -0.14317 -0.1139511 -0.02217551 -0.007043355
1 32059953 -0.1326277 -0.1005264 -0.02539611 -0.006705166
1 32160054 -0.1255259 -0.09390107 -0.02831547 -0.00330934
1 32260126 -0.1196134 -0.08338014 -0.0309766 -0.005256682
1 32360173 -0.1123969 -0.07471924 -0.03334921 -0.004328409
1 32466764 -0.1058834 -0.06635514 -0.0356048 -0.003923458
1 32566844 -0.1003117 -0.05929184 -0.03749101 -0.003528824
1 32666889 -0.09518379 -0.05273438 -0.03917216 -0.003277257
1 32767128 -0.09042977 -0.04680176 -0.04066877 -0.002959236
1 32867311 -0.08543366 -0.04012756 -0.0419751 -0.003331001
1 32967426 -0.08022231 -0.03414307 -0.04309044 -0.002988811
1 33067614 -0.07604032 -0.02984161 -0.04405202 -0.00214669
1 33167663 -0.07285798 -0.02609329 -0.04489145 -0.001873243
1 33267820 -0.06945285 -0.02160339 -0.04560802 -0.002241431
1 33368092 -0.06510737 -0.01627045 -0.04617768 -0.00265924
1 33468358 -0.0607818 -0.01209564 -0.0466043 -0.002081864
1 33568518 -0.058344 -0.01070099 -0.0469468 -0.0006962127
1 33668678 -0.05762773 -0.01003876 -0.04725839 -0.0003305867
1 33768848 -0.05536998 -0.005718232 -0.04749515 -0.002156597
1 33869120 -0.05229604 -0.003608704 -0.04763544 -0.001051903
1 33969270 -0.05145645 -0.00381012 -0.04774688 0.0001005572
1 34069414 -0.05022229 -0.001000214 -0.04781914 -0.001402933
1 34169761 -0.04747582 0.001657867 -0.04780924 -0.001324445
1 34270070 -0.04638565 0.001107788 -0.04776763 0.0002741924
1 34370321 -0.04667064 0.001022339 -0.0477356 4.261764e-05
1 34470613 -0.04682041 0.0007553101 -0.04770885 0.0001331257
1 34570960 -0.0475364 -0.0004165649 -0.04770375 0.0005839113
1 34671274 -0.04739423 0.001013184 -0.04769477 -0.0007126366
1 34771597 -0.04645677 0.001389313 -0.04765862 -0.0001874591
1 34871636 -0.04745358 -0.0009902954 -0.04765263 0.00118934
1 34971936 -0.04766465 0.0009613038 -0.04765306 -0.0009728808
1 35072133 -0.04749119 -0.0006439209 -0.0476483 0.0008010342
1 35172310 -0.04852766 -0.001062775 -0.04767394 0.0002090569
1 35272372 -0.0477413 0.0009307862 -0.04767592 -0.0009961628
1 35372397 -0.04710826 0.0001716614 -0.04765939 0.0003794675
1 35472484 -0.04735398 0.0004211426 -0.04765049 -0.0001246322
1 35572624 -0.04751337 -0.0001541138 -0.04764648 0.0002872261
1 35672686 -0.04805212 -0.0006332398 -0.0476583 0.0002394145
1 35772962 -0.04724995 0.001420593 -0.04764645 -0.00102409
1 35873203 -0.04729855 -0.0007400513 -0.04763622 0.001077725
1 35973297 -0.0473909 0.0012146 -0.0476291 -0.0009764076
1 36073603 -0.04740107 -0.0007659912 -0.04762235 0.0009872744
1 36173711 -0.04791731 0.0001922607 -0.04763097 -0.000478609
1 36273845 -0.04690651 0.001213074 -0.04760986 -0.0005097235
1 36373973 -0.04746506 -0.0009292603 -0.0476056 0.001069798
1 36474059 -0.04760991 0.0009193421 -0.04760575 -0.0009235069
1 36574214 -0.04756507 -0.0008377075 -0.04760452 0.0008771651
1 36674475 -0.04782768 0.0004013062 -0.04761109 -0.0006178941
1 36774587 -0.04783614 -0.0008369446 -0.04761763 0.0006184327
1 36874777 -0.04791561 0.0002563477 -0.04762635 -0.0005456095
1 36974858 -0.04670522 0.00153122 -0.04759952 -0.00063692
1 37074868 -0.04687388 -0.0001220703 -0.04757838 0.0008265621
1 37175038 -0.04704447 0.001156616 -0.04756283 -0.0006382582
1 37275156 -0.04722353 -0.0004959106 -0.04755291 0.0008252896
1 37375423 -0.04813465 -0.0006332398 -0.04756989 6.848171e-05
1 37475723 -0.04913332 -0.002397156 -0.04761549 0.00087932
1 37575745 -0.04850785 0.0006637574 -0.04764149 -0.00153012
1 37676059 -0.04751863 -0.0004219055 -0.04763785 0.0005411322
1 37776421 -0.04676998 0.002098083 -0.04761262 -0.00125545
1 37876665 -0.04415403 0.004611206 -0.04751173 -0.001253503
