0 24335420 -247.0855 0 0 0
0 24435797 -247.0818 0 0 0
0 24535824 -245.9336 0 0 0
0 24635848 -246.7628 0 0 0
0 24735947 -244.7342 0 0 0
0 24836006 -243.6699 0 0 0
0 24936046 -241.4932 0 0 0
0 25036048 -241.2483 0 0 0
0 25136397 -238.9717 0 0 0
0 25236642 -237.3009 0 0 0
0 25336740 -234.2369 0 0 0
0 25437078 -233.8104 0 0 0
0 25537434 -230.1559 0 0 0
0 25637774 -230.587 0 0 0
0 25738131 -227.9968 0 0 0
0 25838135 -227.2888 0 0 0
0 25938174 -225.3281 0 0 0
0 26038212 -224.0776 0 0 0
0 26138258 -223.935 0 0 0
0 26238524 -222.8287 0 0 0
0 26338688 -222.3495 0 0 0
0 26438740 -221.0938 0 0 0
0 26538826 -220.6215 0 0 0
0 26638832 -219.7449 0 0 0
0 26738870 -217.5438 0 0 0
0 26839155 -214.09 0 0 0
0 26939233 -215.1031 0 0 0
0 27039244 -210.6743 0 0 0
0 27139254 -210.347 0 0 0
0 27239592 -206.7413 0 0 0
0 27339821 -209.1286 0 0 0
0 27439879 -207.0633 0 0 0
0 27539893 -204.7356 0 0 0
0 27639939 -204.9606 0 0 0
0 27739942 -203.7827 0 0 0
0 27840226 -203.083 0 0 0
0 27940591 -202.1469 0 0 0
0 28040654 -202.1675 0 0 0
0 28140656 -199.6536 0 0 0
0 28240657 -199.8039 0 0 0
0 28340841 -199.0166 0 0 0
0 28441148 -197.876 0 0 0
0 28541484 -197.0352 0 0 0
0 28641778 -197.3114 0 0 0
0 28741808 -193.9644 0 0 0
0 28842151 -194.0857 0 0 0
0 28942503 -191.2247 0 0 0
0 29042791 -192.8482 0 0 0
0 29143109 -188.4033 0 0 0
0 29243373 -186.5852 0 0 0
0 29343429 -175.1404 0 0 0
0 29443644 -156.8085 0 0 0
0 29543985 -138.8184 0 0 0
0 29644092 -122.821 0 0 0
0 29744380 -105.1193 0 0 0
0 29844627 -90.67993 0 0 0
0 29944823 -75.15945 0 0 0
0 30045010 -67.91687 0 0 0
0 30145063 -56.91147 0 0 0
0 30245209 -51.63956 0 0 0
0 30345296 -45.26138 0 0 0
0 30445603 -40.25116 0 0 0
0 30545628 -34.76181 0 0 0
0 30645936 -30.02472 0 0 0
0 30745948 -27.42844 0 0 0
0 30846098 -27.1492 0 0 0
0 30946428 -21.79718 0 0 0
0 31046522 -16.60919 0 0 0
0 31146783 -16.89072 0 0 0
0 31246820 -14.6225 0 0 0
0 31347049 -11.9873 0 0 0
0 31447127 -14.26163 0 0 0
0 31547240 -10.03723 0 0 0
0 31647557 -6.938171 0 0 0
0 31747869 -9.815979 0 0 0
0 31847988 -6.68335 0 0 0
0 31948281 -5.343628 0 0 0
0 32048539 -6.700897 0 0 0
0 32148880 -4.062653 0 0 0
0 32248994 -7.064056 0 0 0
0 32349239 -4.431152 0 0 0
0 32449279 -0.7507324 0 0 0
0 32549524 -4.454803 0 0 0
0 32649610 -2.163696 0 0 0
0 32749853 1.581573 0 0 0
0 32849889 -1.325226 0 0 0
0 32949951 -0.2601624 0 0 0
0 33050020 2.31781 0 0 0
0 33150285 -2.651978 0 0 0
0 33250636 0.958252 0 0 0
0 33350796 2.685547 0 0 0
0 33450950 0.2990723 0 0 0
0 33551250 0.7598877 0 0 0
0 33651516 4.421997 0 0 0
0 33751632 -0.3570557 0 0 0
0 33851974 -0.7339478 0 0 0
0 33952069 2.410889 0 0 0
0 34052100 0.2403259 0 0 0
0 34152283 -1.908875 0 0 0
0 34252311 0.4547119 0 0 0
0 34352456 1.31073 0 0 0
0 34452639 -1.809692 0 0 0
0 34552913 -0.1487732 0 0 0
0 34652951 2.926636 0 0 0
0 34753282 -2.038574 0 0 0
0 34853616 -3.479004 0 0 0
0 34953626 1.493835 0 0 0
0 35053732 2.339172 0 0 0
0 35153868 -0.5226135 0 0 0
0 35254141 -1.758575 0 0 0
0 35354290 2.767944 0 0 0
0 35454402 1.861572 0 0 0
0 35554437 -3.181458 0 0 0
0 35654543 0.8628845 0 0 0
0 35754629 0.9277344 0 0 0
0 35854826 3.482819 0 0 0
0 35955016 0.2822876 0 0 0
0 36055313 0.3555298 0 0 0
1 29236620 0.1861298 0.1861298 0.0 0
1 29338709 0.1874374 0.177771 0.005572539 0.004093876
1 29438830 0.1783154 0.1576637 0.01061015 0.01004147
1 29539049 0.1631064 0.1384674 0.01506184 0.009577186
1 29639088 0.1501408 0.1238243 0.01899775 0.007318699
1 29739120 0.1363178 0.1039856 0.02241599 0.009916181
1 29839279 0.1220521 0.08949585 0.02532283 0.007233372
1 29939509 0.111072 0.07702408 0.02782638 0.006221576
1 30039782 0.1019791 0.06697693 0.02999228 0.005009898
1 30139893 0.09478371 0.05883636 0.03188158 0.004065769
1 30240060 0.0898223 0.0536728 0.03357203 0.002577483
1 30340168 0.08669299 0.04947587 0.03512094 0.002096201
1 30440156 0.0815036 0.04058686 0.03647171 0.004445037
1 30540149 0.07437866 0.0330185 0.03757572 0.003784445
1 30640464 0.06998844 0.02992249 0.03852281 0.001543143
1 30740524 0.06940051 0.03003311 0.03942268 -5.527994e-05
1 30840708 0.06914564 0.0276825 0.04029 0.00117315
1 30941014 0.0651647 0.02063446 0.04101697 0.003513267
1 31041072 0.06130056 0.01875153 0.0416081 0.0009409216
1 31141325 0.06077509 0.0184639 0.04216775 0.0001434512
1 31241329 0.05819186 0.01265106 0.04263449 0.002906301
1 31341590 0.05610966 0.01351013 0.04302794 -0.0004284167
1 31441633 0.05712122 0.01385498 0.0434386 -0.0001723502
1 31541660 0.05538463 0.009342194 0.04378664 0.002255784
1 31641722 0.05442401 0.01131134 0.04409664 -0.0009839632
1 31742061 0.05441357 0.008728027 0.04439825 0.001287292
1 31842402 0.05106846 0.004237366 0.04459339 0.0022377
1 31942478 0.05024614 0.006736756 0.04475813 -0.001248746
1 32042744 0.05034665 0.004120636 0.04492143 0.001304589
1 32142739 0.048075 0.002002716 0.04501327 0.001059013
1 32242803 0.04816556 0.004116822 0.04510512 -0.001056376
1 32342956 0.04833036 0.002148438 0.04519924 0.0009826883
1 32443162 0.04828987 0.00384903 0.04528938 -0.0008485479
1 32543294 0.05113976 0.007505798 0.04545994 -0.001825974
1 32643424 0.04993758 0.001196289 0.04559063 0.003150659
1 32743625 0.04705281 0.001641846 0.04563329 -0.0002223314
1 32843954 0.04768841 0.002346039 0.04569331 -0.0003509419
1 32944023 0.04580217 -0.002131653 0.04569653 0.002237302
1 33044105 0.04394798 -0.001264191 0.04564555 -0.0004333757
1 33144191 0.04580668 0.001574707 0.04565021 -0.001418229
1 33244333 0.04477368 -0.003269958 0.04562474 0.002418898
1 33344459 0.044355 0.0007995605 0.04558764 -0.002032199
1 33444712 0.04694617 0.001835632 0.04562726 -0.0005167285
1 33544719 0.04592263 -0.001261902 0.04563587 0.001548659
1 33644815 0.04381379 -0.002275085 0.04558277 0.0005061059
1 33744957 0.04547306 0.002056122 0.04557948 -0.002162533
1 33845307 0.04674491 0.0002128601 0.04561363 0.0009184164
1 33945405 0.04534244 -0.0007385254 0.04560574 0.000475227
1 34045480 0.04668801 0.002837372 0.04563725 -0.001786609
1 34145655 0.04784984 0.001461029 0.04570183 0.0006869692
1 34245692 0.04524024 -0.002355957 0.04568841 0.001907787
1 34345749 0.04345594 -0.001979065 0.04562335 -0.0001883387
1 34445789 0.04555338 0.001841736 0.04562128 -0.001909636
1 34546225 0.04655683 -1.754761e-05 0.04564877 0.000925606
1 34646353 0.04451457 -0.002182007 0.04561573 0.001080846
1 34746393 0.04520388 0.001380921 0.04560371 -0.001780751
1 34846764 0.04691579 0.001167297 0.04564208 0.0001064167
1 34947074 0.04504807 -0.002310181 0.04562488 0.001733366
1 35047410 0.04306302 -0.002662659 0.04555003 0.0001756488
1 35147634 0.04522205 0.002015686 0.0455403 -0.002333944
1 35247855 0.04659513 3.66211e-05 0.04557116 0.0009873504
1 35348056 0.04461557 -0.001888275 0.04554333 0.0009605175
1 35448135 0.04462349 0.000100708 0.04551649 -0.0009937065
1 35548213 0.0467236 0.002241516 0.04555165 -0.00106957
1 35648442 0.04607227 -0.001222992 0.04556696 0.001728296
1 35748802 0.04425707 -0.001319885 0.04552869 4.827287e-05
1 35850395 0.04309106 -0.003379822 0.04545707 0.001013818
1 35950569 0.04416801 0.0008697511 0.04541935 -0.002121095
1 36050895 0.0446518 -0.002349854 0.04539708 0.001604571
