0 24695359 -6.698608 0 0 0
0 24795462 0.3479004 0 0 0
0 24895656 1.288605 0 0 0
0 24995894 2.271271 0 0 0
0 25095915 1.554871 0 0 0
0 25195919 1.426697 0 0 0
0 25296055 3.970337 0 0 0
0 25396303 3.704834 0 0 0
0 25496389 3.658295 0 0 0
0 25596669 1.179504 0 0 0
0 25696741 0.8201599 0 0 0
0 25796780 0.9674072 0 0 0
0 25896989 0.2380371 0 0 0
0 25997090 1.506042 0 0 0
0 26097129 0.3494263 0 0 0
0 26197250 -1.651764 0 0 0
0 26297333 -2.305603 0 0 0
0 26397653 -2.804565 0 0 0
0 26497716 2.284241 0 0 0
0 26598018 33.09479 0 0 0
0 26698174 67.19818 0 0 0
0 26798287 126.4236 0 0 0
0 26898293 180.2582 0 0 0
0 26998508 168.0 0 0 0
0 27098666 160.1967 0 0 0
0 27198874 147.2687 0 0 0
0 27299135 138.6307 0 0 0
0 27399335 126.1902 0 0 0
0 27499525 117.5957 0 0 0
0 27599808 108.8989 0 0 0
0 27700079 99.04633 0 0 0
0 27800177 87.69836 0 0 0
0 27900338 78.70636 0 0 0
0 28000361 70.45593 0 0 0
0 28100677 61.64169 0 0 0
0 28200984 53.56827 0 0 0
0 28301054 48.62823 0 0 0
0 28401410 42.44537 0 0 0
0 28501665 36.92322 0 0 0
0 28601768 30.46112 0 0 0
0 28701813 26.67618 0 0 0
0 28802180 20.0882 0 0 0
0 28902519 16.53137 0 0 0
0 29002572 10.22797 0 0 0
0 29102634 5.444336 0 0 0
0 29202741 1.974487 0 0 0
0 29302985 -2.110291 0 0 0
0 29403261 -4.794312 0 0 0
0 29503621 -5.519867 0 0 0
0 29603653 -5.638123 0 0 0
0 29703668 -4.745483 0 0 0
0 29803832 -5.636597 0 0 0
0 29903866 -5.886078 0 0 0
0 30003947 -6.329346 0 0 0
0 30103992 -6.633759 0 0 0
0 30204011 -6.900024 0 0 0
0 30304073 -6.034851 0 0 0
0 30404435 -5.845642 0 0 0
0 30504798 -6.160736 0 0 0
0 30604852 -5.755615 0 0 0
0 30704909 -5.579376 0 0 0
0 30805163 -3.624725 0 0 0
0 30905213 -2.193451 0 0 0
0 31005291 -1.918793 0 0 0
0 31105377 -1.332092 0 0 0
0 31205571 -0.9727478 0 0 0
0 31305747 -0.4928589 0 0 0
0 31406025 -1.005554 0 0 0
0 31506142 -0.5378723 0 0 0
0 31606440 -0.6134033 0 0 0
0 31706780 -0.1144409 0 0 0
0 31806787 -10.68726 0 0 0
0 31907147 -42.20581 0 0 0
0 32007335 -138.2759 0 0 0
0 32107568 -151.0086 0 0 0
0 32207919 -135.347 0 0 0
0 32308254 -116.6001 0 0 0
0 32408341 -96.79031 0 0 0
0 32508624 -83.79288 0 0 0
0 32618962 -70.15915 0 0 0
0 32718964 -59.43298 0 0 0
0 32819291 -50.70648 0 0 0
0 32919476 -44.7197 0 0 0
0 33019797 -39.49356 0 0 0
0 33120161 -34.29947 0 0 0
0 33220232 -28.8559 0 0 0
0 33320302 -23.09494 0 0 0
0 33420363 -18.15643 0 0 0
0 33520432 -16.15524 0 0 0
0 33620743 -15.19394 0 0 0
0 33720777 -11.36322 0 0 0
0 33820918 -9.542084 0 0 0
0 33920947 -9.263611 0 0 0
0 34021306 -8.323669 0 0 0
0 34121312 -4.307556 0 0 0
0 34221667 -4.237366 0 0 0
0 34321954 -6.231689 0 0 0
0 34422303 -3.892517 0 0 0
0 34522460 -2.26059 0 0 0
0 34622554 -4.095459 0 0 0
0 34722572 -2.941132 0 0 0
0 34822638 -0.5615234 0 0 0
0 34922757 -1.940918 0 0 0
0 35022976 -0.7820129 0 0 0
0 35123117 1.463318 0 0 0
0 35223215 2.223969 0 0 0
0 35323481 0.3944397 0 0 0
0 35423562 -0.1815796 0 0 0
0 35523649 1.622772 0 0 0
0 35623889 -0.8239746 0 0 0
0 35724205 -1.914978 0 0 0
0 35824397 -0.3448486 0 0 0
0 35924763 1.399994 0 0 0
0 36024810 0.2319336 0 0 0
0 36124821 -1.140594 0 0 0
0 36225172 0.7286072 0 0 0
0 36325217 1.992798 0 0 0
0 36425220 -1.628876 0 0 0
0 36525392 -2.076721 0 0 0
0 36625460 0.05187988 0 0 0
0 36725527 6.159973 0 0 0
0 36825659 4.006958 0 0 0
0 36925683 6.328583 0 0 0
1 24696351 0.006698609 0.006698609 0.0 0
1 24796245 0.003274252 -0.0003479004 9.515965e-05 0.003526993
1 24896436 -0.0007485842 -0.001288605 7.056519e-05 0.0004694555
1 24996687 -0.001764135 -0.002271271 1.703302e-05 0.0004901029
1 25097594 -0.001950731 -0.001554871 -4.087965e-05 -0.0003549804
1 25196712 -0.001576563 -0.001426697 -8.52087e-05 -6.465719e-05
1 25296852 -0.002866572 -0.003970337 -0.0001662776 0.001270042
1 25397099 -0.004118948 -0.003704834 -0.0002816895 -0.0001324244
1 25497232 -0.004073817 -0.003658295 -0.0003922833 -2.323875e-05
1 25597465 -0.002881038 -0.001179504 -0.0004650194 -0.001236514
1 25697515 -0.001494772 -0.00082016 -0.0004950294 -0.0001795825
1 25797574 -0.001415686 -0.0009674072 -0.0005218586 7.358024e-05
1 25897773 -0.001141974 -0.0002380371 -0.0005399763 -0.0003639607
1 25997891 -0.001438956 -0.001506043 -0.0005661683 0.0006332554
1 26097920 -0.001521575 -0.0003494263 -0.0005940085 -0.0005781404
1 26198051 7.803017e-05 0.001651764 -0.0005744477 -0.0009992861
1 26298665 0.001465956 0.002305603 -0.0005147228 -0.0003249245
1 26398460 0.002116344 0.002804565 -0.0004382274 -0.0002499937
1 26498517 -0.0001717056 -0.002284241 -0.0004304181 0.002542953
1 26598835 -0.01870114 -0.03309479 -0.0009627913 0.01535644
1 26699001 -0.05264443 -0.06719819 -0.002469683 0.01702344
1 26799243 -0.1022634 -0.1264236 -0.005381038 0.02954123
1 26899236 -0.16332 -0.1802582 -0.009980946 0.02691917
1 26999442 -0.1893321 -0.168 -0.01521558 -0.006116489
1 27099641 -0.1842389 -0.1601967 -0.02014833 -0.003893924
1 27211999 -0.178352 -0.1472687 -0.02533026 -0.005753044
1 27300101 -0.1726415 -0.1386307 -0.0291085 -0.004902281
1 27400300 -0.1654868 -0.1261902 -0.03308872 -0.006207884
1 27500501 -0.1586372 -0.1175957 -0.03675286 -0.004288632
1 27600792 -0.1533948 -0.1088989 -0.04016016 -0.004335761
1 27700894 -0.1472502 -0.09904633 -0.04328252 -0.00492128
1 27801003 -0.1394529 -0.08769837 -0.04608675 -0.005667803
1 27901183 -0.1317816 -0.07870636 -0.04858732 -0.004487924
1 28001176 -0.125406 -0.07045594 -0.05082459 -0.004125503
1 28101496 -0.1188472 -0.0616417 -0.0528124 -0.004393062
1 28201800 -0.1121386 -0.05356827 -0.05454581 -0.004024478
1 28301856 -0.1071765 -0.04862824 -0.05607961 -0.002468634
1 28402200 -0.1029766 -0.04244538 -0.05745041 -0.003080833
1 28502465 -0.09832109 -0.03692322 -0.0586441 -0.00275378
1 28602542 -0.09334532 -0.03046112 -0.05965564 -0.003228562
1 28702623 -0.08908051 -0.02667618 -0.0605134 -0.00189094
1 28802982 -0.08458778 -0.0200882 -0.06121738 -0.003282208
1 28903315 -0.08007239 -0.01653137 -0.06176851 -0.00177251
1 29003390 -0.0755475 -0.01022797 -0.0621702 -0.003149341
1 29103418 -0.07024083 -0.005444336 -0.06240534 -0.002391145
1 29203552 -0.06622386 -0.001974487 -0.06251678 -0.001732603
1 29303768 -0.06244244 0.002110291 -0.06251473 -0.002037987
1 29404070 -0.05895452 0.004794312 -0.06241086 -0.00133797
1 29504426 -0.05709722 0.005519867 -0.06225559 -0.0003614908
1 29604446 -0.05650918 0.005638123 -0.06208818 -5.911599e-05
1 29704472 -0.05674071 0.004745483 -0.06193239 0.0004462036
1 29804643 -0.05658459 0.005636597 -0.06177639 -0.000444796
1 29904667 -0.05584215 0.005886078 -0.06160351 -0.0001247107
1 30004748 -0.05531224 0.006329346 -0.06142013 -0.0002214545
1 30104803 -0.05474394 0.006633759 -0.06122558 -0.0001521227
1 30204803 -0.05425568 0.006900024 -0.06102257 -0.0001331329
1 30304858 -0.05436124 0.006034852 -0.06082844 0.0004323488
1 30405244 -0.05470967 0.005845642 -0.06064955 9.424072e-05
1 30505591 -0.0544651 0.006160737 -0.06046883 -0.0001570022
1 30605665 -0.05433193 0.005755615 -0.06028996 0.0002024107
1 30705720 -0.0544524 0.005579377 -0.06011984 8.807107e-05
1 30805959 -0.05538173 0.003624726 -0.05998145 0.0009749952
1 30906009 -0.0569854 0.002193451 -0.05989413 0.0007152795
1 31006101 -0.05777639 0.001918793 -0.05983239 0.0001372029
1 31106231 -0.0581585 0.001332092 -0.05978356 0.0002929693
1 31206381 -0.05859678 0.0009727479 -0.05974894 0.0001794031
1 31306543 -0.05899451 0.0004928589 -0.05972692 0.0002395564
1 31406806 -0.0589545 0.001005554 -0.05970438 -0.0002556753
1 31506934 -0.05890979 0.0005378723 -0.0596812 0.000233542
1 31607231 -0.05908813 0.0006134033 -0.05966388 -3.765367e-05
1 31707556 -0.05928981 0.0001144409 -0.05965293 0.000248673
1 31807589 -0.05408825 0.01068726 -0.05949085 -0.005284663
1 31907927 -0.03219514 0.04220582 -0.05869477 -0.01570619
1 32008310 0.03444698 0.1382759 -0.05597717 -0.04785179
1 32108522 0.09302702 0.1510086 -0.0516287 -0.006352865
1 32208878 0.09583194 0.135347 -0.04731808 0.007803017
1 32309215 0.08241591 0.1166001 -0.04352614 0.009341991
1 32409151 0.0663742 0.09679032 -0.04032733 0.009911212
1 32509451 0.05266171 0.08379288 -0.03761046 0.00647928
1 32619776 0.0412753 0.07015915 -0.03506274 0.006178893
1 32719800 0.03167639 0.05943299 -0.0331184 0.005361796
1 32820104 0.02359523 0.05070648 -0.03146128 0.004350027
1 32920300 0.01768015 0.0447197 -0.03002708 0.002987537
1 33020607 0.01333863 0.03949356 -0.02876001 0.00260507
1 33120978 0.009237909 0.03429947 -0.02764901 0.002587447
1 33221055 0.004874642 0.0288559 -0.02670095 0.002719692
1 33321109 5.26011e-05 0.02309494 -0.02592126 0.002878923
1 33421178 -0.00467808 0.01815643 -0.02530206 0.002467551
1 33521241 -0.007631856 0.01615524 -0.02478707 0.0009999651
1 33621552 -0.008642262 0.01519394 -0.02431536 0.0004791617
1 33721573 -0.01063874 0.01136322 -0.02391692 0.001914957
1 33821715 -0.01315153 0.009542085 -0.0236029 0.0009092771
1 33921747 -0.01391792 0.009263612 -0.02332072 0.0001391919
1 34022103 -0.014264 0.008323669 -0.02305597 0.0004683036
1 34122116 -0.01655113 0.004307557 -0.02286648 0.002007796
1 34222461 -0.01846552 0.004237366 -0.02273786 3.497455e-05
1 34322747 -0.01734301 0.00623169 -0.02258038 -0.0009943181
1 34423101 -0.01737 0.003892517 -0.02242798 0.00116546
1 34523270 -0.01926035 0.00226059 -0.02233553 0.000814587
1 34623357 -0.01906128 0.004095459 -0.0222401 -0.0009166372
1 34723359 -0.01861627 0.002941132 -0.02213455 0.0005771522
1 34823423 -0.02033141 0.0005615235 -0.02208198 0.001189043
1 34923558 -0.02079224 0.001940918 -0.02204439 -0.0006887674
1 35023750 -0.02064312 0.000782013 -0.02200347 0.000578342
1 35123895 -0.02235598 -0.001463318 -0.0220137 0.00112104
1 35224012 -0.02391316 -0.002223969 -0.02206908 0.0003798809
1 35324266 -0.02341534 -0.0003944397 -0.02210845 -0.0009124467
1 35424347 -0.02221785 0.0001815796 -0.02211165 -0.0002877766
1 35524438 -0.0228547 -0.001622772 -0.02213329 0.0009013556
1 35624685 -0.02254168 0.0008239747 -0.0221453 -0.001220359
1 35725009 -0.02073284 0.001914978 -0.02210408 -0.00054374
1 35825214 -0.02094181 0.0003448486 -0.02207012 0.0007834587
1 35925578 -0.02261674 -0.001399994 -0.022086 0.0008692572
1 36025600 -0.02292632 -0.0002319336 -0.02211048 -0.0005839016
1 36125595 -0.02164256 0.001140594 -0.02209685 -0.0006862984
1 36225963 -0.02188808 -0.0007286072 -0.02209065 0.0009311742
1 36326046 -0.02349273 -0.001992798 -0.02213151 0.0006315711
1 36426029 -0.02231923 0.001628876 -0.02213696 -0.001811145
1 36526196 -0.02022812 0.002076721 -0.02208129 -0.0002235494
1 36626416 -0.02104076 -5.187989e-05 -0.02205085 0.001061964
1 36726334 -0.02524737 -0.006159973 -0.02214395 0.003056553
1 36826445 -0.0273789 -0.004006958 -0.02229662 -0.001075314
1 36926485 -0.02761996 -0.006328583 -0.02245172 0.001160348
