0 28841823 0.01983643 30 0 0
0 28943810 0.8071899 30 0 0
0 29045817 7.415771 30 0 0
0 29147811 15.64331 30 0 0
0 29249820 20.95032 30 0 0
0 29351828 24.18671 30 0 0
0 29453823 24.7879 30 0 0
0 29555818 22.62268 30 0 0
0 29657845 21.62704 30 0 0
0 29759814 21.3089 30 0 0
0 29861823 21.61865 30 0 0
0 29963824 22.08481 30 0 0
0 30065816 21.59958 30 0 0
0 30167816 21.70486 30 0 0
0 30269817 20.38803 30 0 0
0 30371808 19.80286 30 0 0
0 30473825 20.16144 30 0 0
0 30575808 20.00122 30 0 0
0 30677822 20.60013 30 0 0
0 30779826 20.67108 30 0 0
0 30881813 20.75043 30 0 0
0 30983812 22.53189 30 0 0
0 31085812 23.05832 30 0 0
0 31187817 23.89984 30 0 0
0 31289819 23.63205 20 0 0
0 31391814 23.54736 20 0 0
0 31493824 22.57767 20 0 0
0 31595816 21.20132 20 0 0
0 31697813 17.82303 20 0 0
0 31799809 16.78925 20 0 0
0 31901817 17.79785 20 0 0
0 32003821 17.61017 20 0 0
0 32105817 15.58533 20 0 0
0 32207822 15.8371 20 0 0
0 32309815 16.95709 20 0 0
0 32411822 16.4772 20 0 0
0 32513820 14.99786 20 0 0
0 32615811 15.69214 20 0 0
0 32717819 16.48941 20 0 0
0 32819811 16.35437 20 0 0
0 32921815 15.70358 20 0 0
0 33023818 15.40451 20 0 0
0 33125808 15.32288 20 0 0
0 33227816 15.78369 20 0 0
0 33329812 14.89792 20 0 0
0 33431816 14.97879 20 0 0
0 33533813 16.40472 20 0 0
0 33635815 17.23557 20 0 0
0 33737824 18.68057 20 0 0
0 33839800 18.89877 20 0 0
0 33941816 18.30368 20 0 0
0 34043817 17.46063 20 0 0
0 34145812 18.10226 20 0 0
0 34247816 19.05518 20 0 0
0 34349816 18.4166 20 0 0
0 34451814 16.81442 20 0 0
0 34553814 16.18195 20 0 0
0 34655819 16.94489 20 0 0
0 34757824 17.36145 20 0 0
0 34859814 16.52756 20 0 0
0 34961813 16.10489 16.99422 0 0
0 35062804 14.78195 16.9561 0 0
0 35164813 14.19983 16.77162 0 0
0 35266820 14.04877 16.39748 0 0
0 35368821 13.80386 15.82603 0 0
0 35471808 12.47787 15.23209 0 0
0 35573813 11.71112 14.53706 0 0
0 35675818 10.46906 13.84336 0 0
0 35777809 10.0563 13.20506 0 0
0 35879823 10.14328 12.60898 0 0
0 35981805 10.69336 12.13568 0 0
0 36082811 10.34088 11.63006 0 0
0 36184826 8.702087 11.25747 0 0
0 36286820 7.099152 10.85277 0 0
0 36388812 7.791138 10.44901 0 0
0 36490818 8.885193 10.15493 0 0
0 36592822 9.367371 9.880358 0 0
0 36694809 9.057617 9.455501 0 0
0 36796814 8.34198 9.13479 0 0
0 36897818 7.103729 8.938904 0 0
0 36999812 6.317902 8.562803 0 0
0 37101822 7.028961 8.086998 0 0
0 37203815 7.499695 7.663689 0 0
0 37305830 7.527924 7.337428 0 0
0 37407820 7.117462 6.946155 0 0
0 37509826 7.201385 6.681183 0 0
0 37611814 7.65152 6.121111 0 0
0 37713826 6.156921 5.792302 0 0
0 37815818 4.825592 5.466196 0 0
0 37916818 5.013275 5.129395 0 0
0 38018813 4.989624 4.861334 0 0
0 38120817 4.455566 4.54023 0 0
0 38222811 2.838135 4.348211 0 0
0 38324814 1.735687 4.125557 0 0
0 38426815 2.066803 4.090179 0 0
0 38528810 2.91214 4.026846 0 0
0 38630816 2.236176 3.902777 0 0
0 38732815 2.334595 3.794487 0 0
0 38834810 2.458191 3.703259 0 0
0 38936809 3.009033 3.671677 0 0
0 39038813 3.546906 3.452833 0 0
0 39140813 2.588654 3.216557 0 0
0 39242817 0.302124 3.220333 0 0
0 39344797 -0.8773804 3.121265 0 0
0 39445803 -0.6240845 3.119734 0 0
0 39547815 0.07019043 3.007067 0 0
0 39649817 0.1434326 3.023746 0 0
0 39751813 0.4341125 3.027401 0 0
0 39853815 0.8377075 2.970436 0 0
0 39955817 -0.52948 2.883778 0 0
0 40057815 -1.506805 2.740284 0 0
0 40159806 -0.1609802 2.774094 0 0
0 40261812 0.8544922 2.762892 0 0
0 40363801 0.7583618 2.733395 0 0
0 40464818 0.2334595 2.774336 0 0
0 40566813 -0.491333 2.804506 0 0
0 40668808 -0.7102966 2.966354 0 0
0 40770820 -1.379395 2.938835 0 0
0 40872824 -0.7835388 2.887524 0 0
0 40974828 0.7637024 2.851604 0 0
0 41076812 1.481628 2.991673 0 0
0 41178803 0.6080627 2.730068 0 0
0 41280802 -0.390625 2.743666 0 0
0 41382815 -0.6607056 2.708374 0 0
0 41485807 -0.8201599 2.683226 0 0
0 41587811 -0.3707886 2.823286 0 0
0 41689825 1.120758 2.734743 0 0
0 41791811 0.8125305 2.52808 0 0
0 41893819 0.7545471 2.619026 0 0
0 41996820 -0.07171631 2.591379 0 0
0 42098816 -0.78125 2.653084 0 0
0 42200818 -0.7644653 2.693329 0 0
0 42302815 -0.4211426 2.588745 0 0
0 42404820 0.1419067 2.567017 0 0
0 42506817 0.7568359 2.63798 0 0
0 42608801 0.5142212 2.481924 0 0
0 42710815 0.1976013 2.605904 0 0
0 42812802 0.2067566 2.655514 0 0
0 42913805 0.4600525 2.61393 0 0
0 43014809 -0.4394531 2.503515 0 0
0 43116815 -0.6973267 2.401472 0 0
0 43218798 -0.1312256 2.651211 0 0
0 43319814 -0.4753113 2.694191 0 0
1 28857272 0.08994049 0.08994049 0.0 0
1 28959136 0.08947181 0.08757843 0.001506899 0.0003864729
1 29061129 0.07381953 0.06775269 0.002827123 0.003239723
1 29163127 0.05087235 0.04307007 0.003769098 0.004033186
1 29265330 0.0341125 0.02714905 0.004367148 0.002596307
1 29367102 0.02377521 0.01743988 0.004745307 0.001590019
1 29469117 0.02095745 0.01563629 0.005026496 0.0002946608
1 29571142 0.02641844 0.02213196 0.005347605 -0.001061123
1 29673241 0.03038091 0.02511887 0.005749627 -0.0004875836
1 29775113 0.03210137 0.0260733 0.006184215 -0.0001561497
1 29877113 0.03191545 0.02514404 0.006619562 0.0001518399
1 29979119 0.03100922 0.02374557 0.007035148 0.0002284944
1 30081114 0.03241457 0.02520126 0.007451176 -0.0002378692
1 30183118 0.03281394 0.02488541 0.007876929 5.160859e-05
1 30285128 0.03652407 0.02883591 0.008333605 -0.0006454433
1 30387143 0.03914344 0.03059143 0.008838812 -0.0002868081
1 30489388 0.03904199 0.02951569 0.009350949 0.0001753541
1 30591125 0.03977309 0.02999634 0.009855497 -7.874091e-05
1 30693121 0.03884335 0.02819962 0.01035014 0.0002935936
1 30795120 0.03884926 0.02798676 0.01082772 3.47814e-05
1 30897110 0.03908905 0.02774872 0.01130143 3.889877e-05
1 30999146 0.03500517 0.02240433 0.01172788 0.0008729584
1 31101122 0.0331784 0.02082504 0.01209524 0.0002581138
1 31203119 0.0311408 0.01830048 0.0124278 0.000412523
1 31305127 0.006364908 -0.01089615 0.01249074 0.004770316
1 31407142 0.001624043 -0.01064209 0.01230764 -4.150678e-05
1 31509134 0.003943083 -0.007733002 0.01215146 -0.0004753785
1 31611139 0.007776477 -0.003603973 0.0120551 -0.0006746447
1 31713144 0.01695495 0.006530914 0.01207998 -0.001655946
1 31815143 0.02134286 0.009632263 0.01221736 -0.0005067613
1 31917159 0.01945619 0.006606445 0.01235541 0.0004943371
1 32019118 0.01954992 0.007169495 0.01247246 -9.203853e-05
1 32121283 0.02489931 0.01324402 0.01264626 -0.0009909662
1 32223128 0.02547697 0.01248871 0.01286465 0.0001236045
1 32325141 0.02272609 0.009128723 0.01304842 0.0005489472
1 32427130 0.02354896 0.01056839 0.01321583 -0.000235265
1 32529125 0.02771441 0.01500641 0.0134332 -0.000725202
1 32631139 0.02693451 0.01292359 0.01367064 0.0003402841
1 32733136 0.02479261 0.01053177 0.01387001 0.000390831
1 32835125 0.02492316 0.01093689 0.01405247 -6.620336e-05
1 32937122 0.02682522 0.01288925 0.01425499 -0.0003190228
1 33039135 0.02812164 0.01378647 0.01448176 -0.0001465854
1 33141136 0.02870957 0.01403137 0.01471821 -4.001653e-05
1 33243122 0.02781981 0.01264893 0.01494496 0.0002259209
1 33345140 0.03005475 0.01530624 0.01518263 -0.0004341257
1 33447133 0.03054403 0.01506363 0.01544075 3.964565e-05
1 33549145 0.02714523 0.01078583 0.0156605 0.0006989049
1 33651120 0.02452331 0.008293304 0.01582263 0.0004073748
1 33753139 0.02059328 0.003958282 0.01592679 0.000708205
1 33855113 0.01939917 0.00330368 0.0159885 0.0001069884
1 33957135 0.02085716 0.005088959 0.01605985 -0.0002916492
1 34059132 0.02337269 0.007618103 0.01616786 -0.000413271
1 34161120 0.02228876 0.005693207 0.01628099 0.0003145626
1 34263124 0.01965505 0.002834473 0.01635348 0.0004670951
1 34365126 0.02085514 0.004750214 0.01641795 -0.0003130234
1 34467138 0.02531102 0.009556732 0.01653957 -0.0007852864
1 34569133 0.02786227 0.01145416 0.01671816 -0.0003100529
1 34671148 0.02643273 0.009165345 0.01689345 0.000373935
1 34773122 0.0251585 0.007915649 0.0170386 0.0002042506
1 34875142 0.0272031 0.01041733 0.01719446 -0.0004086908
1 34977698 0.02123366 0.002667995 0.01730629 0.001259366
1 35078688 0.02326998 0.006522458 0.01738364 -0.0006361127
1 35180699 0.02502515 0.007715378 0.01750467 -0.0001949006
1 35282718 0.02478565 0.00704615 0.01763017 0.0001093305
1 35384784 0.02396817 0.006066496 0.0177417 0.0001599707
1 35487715 0.02577164 0.008262631 0.01786461 -0.0003555999
1 35589500 0.02644918 0.008477812 0.01800661 -3.523447e-05
1 35691504 0.02801882 0.01012291 0.01816472 -0.0002687956
1 35793475 0.02788785 0.009446251 0.01833101 0.000110596
1 35895512 0.02620604 0.007397109 0.01847423 0.0003347057
1 35996473 0.02340666 0.004326971 0.01857287 0.0005068192
1 36098464 0.02258513 0.003867542 0.01864252 7.507668e-05
1 36200500 0.02578628 0.007666162 0.01874059 -0.0006204706
1 36302506 0.02957499 0.01126086 0.01890147 -0.0005873334
1 36404501 0.02757573 0.007973619 0.01906496 0.0005371562
1 36506503 0.02365476 0.0038092 0.01916511 0.0006804473
1 36608503 0.02112049 0.001538961 0.01921058 0.000370954
1 36710486 0.02048388 0.00119365 0.0192338 5.64328e-05
1 36812482 0.02144899 0.002378431 0.01926416 -0.0001935992
1 36913530 0.02432029 0.005505524 0.01933055 -0.0005157767
1 37015529 0.02596844 0.006734705 0.01943459 -0.0002008486
1 37117537 0.02327468 0.003174111 0.01951882 0.0005817509
1 37219526 0.02048026 0.0004919815 0.01954998 0.0004383037
1 37321484 0.01915166 -0.0005714865 0.0195493 0.0001738408
1 37423479 0.01901675 -0.0005139227 0.01954008 -9.406307e-06
1 37525487 0.01813285 -0.001560608 0.01952244 0.0001710136
1 37627493 0.01537409 -0.004591227 0.01947015 0.00049517
1 37729477 0.01775642 -0.001093858 0.01942183 -0.0005715551
1 37831526 0.02085817 0.001921812 0.01942887 -0.0004925199
1 37932506 0.02005604 0.0003483582 0.01944798 0.0002596972
1 38034515 0.0191826 -0.0003848705 0.01944767 0.000119798
1 38136520 0.01959616 0.0002539902 0.01944656 -0.0001043839
1 38238480 0.02331843 0.00453023 0.0194872 -0.000699006
1 38340495 0.02632507 0.007169609 0.01958667 -0.0004312078
1 38442530 0.02594897 0.00607013 0.01969924 0.0001795919
1 38544519 0.02356885 0.003344118 0.01977926 0.0004454747
1 38646483 0.02457932 0.004999804 0.01985016 -0.0002706324
1 38748514 0.02441088 0.004379677 0.01992991 0.0001012971
1 38850508 0.02383939 0.003735203 0.01999888 0.0001053124
1 38952475 0.02232103 0.00198793 0.02004751 0.0002855944
1 39054494 0.02015066 -0.000282217 0.02006201 0.00037087
1 39156498 0.02160544 0.001883709 0.02007562 -0.0003538956
1 39258511 0.02779813 0.008754626 0.02016606 -0.001122556
1 39373559 0.03189138 0.01199594 0.020365 -0.0004695591
1 39461477 0.03191156 0.01123146 0.02053518 0.0001449234
1 39563473 0.02991173 0.008810629 0.02070553 0.0003955753
1 39665491 0.02952256 0.008640942 0.02085389 2.772179e-05
1 39767489 0.02891404 0.007779866 0.02099347 0.0001407015
1 39869506 0.02773791 0.006398186 0.021114 0.000225727
1 39971530 0.03086767 0.01023977 0.02125546 -0.0006275626
1 40073495 0.03378312 0.01274127 0.02145073 -0.0004088814
1 40175516 0.03108215 0.008805222 0.02163391 0.0006430125
1 40277507 0.02798593 0.005725199 0.02175741 0.0005033161
1 40379499 0.02774887 0.005925098 0.02185643 -3.266591e-05
1 40480521 0.02931305 0.007622629 0.02197048 -0.0002800596
1 40582487 0.03163658 0.009887518 0.02211927 -0.0003702033
1 40684493 0.03314037 0.01102995 0.02229708 -0.0001866614
1 40786492 0.03514113 0.01295469 0.02250095 -0.0003145024
1 40888497 0.03403509 0.01101319 0.02270468 0.0003172233
1 40990505 0.02989125 0.006263706 0.02285155 0.0007759981
1 41092496 0.02775671 0.004530132 0.02294329 0.0002832887
1 41194498 0.02910195 0.006366015 0.02303591 -0.0002999752
1 41296487 0.03207653 0.009402872 0.02316993 -0.0004962718
1 41398483 0.0333279 0.01010724 0.02333576 -0.0001150971
1 41501508 0.03395774 0.01051016 0.02351277 -6.518125e-05
1 41603478 0.03341739 0.009582225 0.0236835 0.0001516676
1 41705474 0.02942264 0.004841955 0.0238061 0.0007745841
1 41807508 0.02898791 0.005146648 0.02389103 -4.976988e-05
1 41909667 0.02950301 0.005593438 0.02398247 -7.289108e-05
1 42012511 0.0316999 0.007989287 0.02409888 -0.0003882659
1 42114516 0.03417933 0.010303 0.02425437 -0.0003780395
1 42216518 0.03479201 0.01037338 0.02443012 -1.149997e-05
1 42318519 0.03384428 0.009029663 0.02459505 0.0002195599
1 42420478 0.03229569 0.00727533 0.02473359 0.0002867711
1 42522486 0.03075346 0.005643431 0.0248434 0.0002666292
1 42624521 0.03080227 0.005903108 0.02494158 -4.241647e-05
1 42726487 0.03206199 0.007224907 0.02505313 -0.0002160521
1 42827467 0.03250199 0.007346272 0.02517575 -2.003113e-05
1 42928488 0.03189957 0.006461632 0.02529199 0.0001459498
1 43030463 0.03386393 0.008828905 0.02542193 -0.0003869042
1 43132497 0.03479608 0.009296396 0.02557605 -7.636199e-05
1 43233460 0.03422847 0.008347309 0.02572449 0.0001566725
1 43335498 0.03519516 0.009508506 0.02587632 -0.0001896675
